000000000011
000000000101
000000000111
000000010100
000000010101
000000011000
000000011010
000000100111
000000101001
000000101100
000000111100
000001000001
000001000010
000001000011
000001000111
000001001011
000001010010
000001010100
000001010101
000001010110
000001011110
000001100010
000001101001
000001101100
000001101101
000001101111
000001110000
000001111101
000010000000
000010001001
000010010001
000010010100
000010010110
000010011010
000010011100
000010100010
000010100011
000010100100
000010110100
000010110101
000010111110
000010111111
000011001000
000011001010
000011001110
000011010010
000011010011
000011010110
000011100110
000011110000
000011110011
000011110101
000011111011
000100000000
000100000010
000100001011
000100010000
000100010001
000100010100
000100011000
000100011110
000100100101
000100101001
000100101010
000100101101
000100110000
000100110100
000100110101
000100111000
000100111100
000100111111
000101000000
000101000001
000101000010
000101000101
000101000110
000101001000
000101001101
000101010100
000101010101
000101010111
000101011111
000101100010
000101101001
000101110000
000101110010
000101111000
000101111110
000101111111
000110000000
000110000001
000110000010
000110001111
000110010000
000110010100
000110010101
000110011010
000110011011
000110100000
000110100111
000110101000
000110101010
000110110011
000110110101
000110110111
000110111010
000111000000
000111000010
000111000011
000111001010
000111001110
000111010010
000111011001
000111100011
000111101001
000111110100
000111111000
000111111100
001000000000
001000000101
001000001100
001000010011
001000010110
001000011000
001000011011
001000011100
001000100000
001000100010
001000101001
001000101010
001000110110
001000110111
001000111001
001000111010
001001000110
001001001011
001001001100
001001010001
001001010011
001001011001
001001011010
001001100011
001001100110
001001101000
001001101010
001001110011
001001110100
001001110110
001001111001
001001111101
001001111110
001010000101
001010000111
001010001010
001010010011
001010010100
001010010110
001010010111
001010011010
001010101011
001010101100
001010101110
001010101111
001010110000
001010110001
001010110010
001010110100
001010110101
001010111001
001010111100
001010111101
001010111110
001011000011
001011000110
001011010111
001011011011
001011011101
001011100000
001011101011
001011101110
001011110001
001011110011
001011110100
001011110110
001011111001
001011111100
001100000100
001100001100
001100001111
001100010110
001100011010
001100100100
001100101010
001100111001
001100111011
001101000011
001101000101
001101001001
001101001110
001101001111
001101010011
001101010101
001101010110
001101010111
001101011001
001101011100
001101100001
001101100111
001101101010
001101101101
001101101110
001101101111
001101110011
001101110101
001101110111
001101111101
001110000010
001110000011
001110001010
001110001111
001110010000
001110010010
001110100001
001110100011
001110101000
001110110001
001110110011
001110110101
001110111101
001110111110
001110111111
001111000101
001111001010
001111001101
001111001110
001111010010
001111010101
001111010110
001111011100
001111100001
001111110000
001111110001
001111111111
010000000010
010000000011
010000000100
010000000110
010000001100
010000010101
010000011100
010000100011
010000100111
010000101000
010000101011
010000101100
010000110101
010000111000
010001000010
010001000011
010001000101
010001000110
010001001010
010001001100
010001010010
010001010011
010001010100
010001100010
010001100111
010001101100
010001110011
010001110100
010001111001
010001111100
010001111101
010010000000
010010000011
010010000110
010010000111
010010001011
010010001101
010010001110
010010001111
010010010110
010010011010
010010011011
010010011111
010010100000
010010100011
010010101000
010010101110
010010101111
010010110001
010010111001
010010111100
010011000000
010011000001
010011001011
010011001111
010011010000
010011010010
010011011000
010011011100
010011011110
010011100010
010011100111
010011101010
010011101011
010011110110
010011111000
010011111010
010011111101
010011111110
010100000000
010100000101
010100001001
010100001011
010100001100
010100001110
010100001111
010100010000
010100010100
010100010101
010100011111
010100100101
010100101010
010100101100
010100101111
010100110000
010100110001
010100110101
010100110111
010100111000
010100111101
010100111110
010101000001
010101000100
010101000110
010101001101
010101001110
010101010010
010101011011
010101011110
010101101101
010101101111
010101110000
010101110110
010101110111
010101111010
010110000000
010110000010
010110000101
010110001100
010110001101
010110010100
010110010111
010110011011
010110100001
010110100010
010110100011
010110100101
010110100110
010110101000
010110110011
010110110100
010110110101
010110111001
010110111010
010110111101
010110111111
010111000001
010111000010
010111001111
010111010011
010111010101
010111010110
010111011011
010111011100
010111011101
010111011110
010111100010
010111101101
010111110011
010111110111
010111111000
010111111001
010111111010
011000000011
011000000111
011000001000
011000001001
011000001011
011000011000
011000011100
011000011111
011000100011
011000100100
011000100111
011000101001
011000101011
011000101110
011000101111
011000110000
011000111001
011000111110
011001000001
011001000111
011001001010
011001001101
011001001110
011001010111
011001101001
011001101010
011001101111
011001110101
011001110110
011001111010
011001111011
011001111100
011001111101
011010000001
011010000100
011010000101
011010001001
011010001011
011010001101
011010001111
011010010000
011010010010
011010011000
011010011010
011010011011
011010011100
011010011101
011010011110
011010101010
011010101011
011010101100
011010110001
011010110011
011010110100
011010111001
011011000001
011011001000
011011001101
011011001110
011011010011
011011011100
011011011111
011011100000
011011100100
011011100101
011011100110
011011101000
011011110100
011011110101
011100000010
011100000111
011100001010
011100001110
011100010010
011100010011
011100011000
011100011100
011100011111
011100100001
011100101100
011100110000
011100111100
011101000010
011101010010
011101010101
011101011100
011101011101
011101100111
011101101000
011101101101
011101110001
011101110100
011101111000
011101111010
011101111110
011110000000
011110000011
011110000110
011110001000
011110001010
011110001101
011110010011
011110010100
011110010111
011110011001
011110100101
011110100110
011110101001
011110101101
011110111110
011110111111
011111000000
011111000011
011111000110
011111001001
011111001100
011111010001
011111010111
011111011100
011111011111
011111100111
011111101010
011111110111
011111111101
100000000010
100000000011
100000000101
100000010000
100000010111
100000011011
100000100000
100000100010
100000100111
100000101100
100000101111
100000110001
100000110011
100000110100
100000111001
100000111010
100000111100
100000111111
100001000011
100001000100
100001010010
100001010100
100001011100
100001011110
100001100001
100001100100
100001101000
100001101011
100001101100
100001101110
100001110010
100001110110
100001111100
100001111110
100010000101
100010000110
100010001000
100010001010
100010001110
100010010001
100010010010
100010011001
100010100001
100010100100
100010101101
100010110101
100010110110
100010111001
100010111100
100010111101
100010111110
100011000101
100011000110
100011001011
100011001111
100011010101
100011010111
100011011001
100011011100
100011011101
100011100000
100011100010
100011101001
100011101111
100100000001
100100000010
100100000011
100100000110
100100001011
100100001111
100100010001
100100011000
100100011001
100100011111
100100100011
100100100101
100100101001
100100101110
100100101111
100100110100
100101000111
100101010110
100101011111
100101100100
100101100101
100101101100
100101110110
100101110111
100101111001
100101111100
100101111110
100110000110
100110001011
100110010001
100110010100
100110011011
100110011100
100110011101
100110100111
100110101000
100110101100
100110101111
100110110000
100110110100
100110111001
100111000000
100111000011
100111000100
100111001000
100111001010
100111001100
100111010110
100111011001
100111100000
100111100111
100111101000
100111101101
100111101110
100111110000
100111110011
100111110110
101000000001
101000000110
101000001101
101000010010
101000010101
101000011000
101000100000
101000100111
101000101101
101000110001
101000110011
101000111100
101000111101
101001000000
101001000001
101001000101
101001010000
101001010101
101001011001
101001011100
101001011111
101001101010
101001101011
101001101101
101001110000
101001110010
101001110100
101001110110
101001111010
101001111011
101001111111
101010000001
101010000010
101010000100
101010000111
101010001101
101010001111
101010010101
101010011000
101010011101
101010011110
101010100111
101010101110
101010101111
101010110010
101010110011
101010110101
101010111001
101010111010
101010111011
101011000001
101011000011
101011000111
101011001101
101011001110
101011001111
101011010010
101011010101
101011011110
101011100100
101011101101
101011110011
101011111110
101100000101
101100001000
101100001100
101100001110
101100001111
101100010010
101100010011
101100010100
101100010101
101100100010
101100100110
101100100111
101100101010
101100111101
101101001010
101101001101
101101001111
101101010000
101101100111
101101101010
101101101011
101101101100
101110000001
101110000110
101110000111
101110001100
101110010000
101110010011
101110011110
101110011111
101110100010
101110100011
101110100110
101110100111
101110101101
101110110100
101110110110
101110111001
101110111010
101110111100
101111000011
101111000100
101111000111
101111010000
101111010001
101111010010
101111010111
101111011010
101111011100
101111011110
101111100001
101111100010
101111100011
101111101000
101111101001
101111101101
101111110100
101111110110
101111111000
101111111001
101111111100
101111111110
110000000111
110000001100
110000001110
110000001111
110000010000
110000010011
110000010110
110000011000
110000011010
110000011100
110000011111
110000100001
110000100011
110000100100
110000101010
110000101011
110000101111
110000110011
110000111000
110000111100
110001000010
110001001000
110001001001
110001001111
110001010100
110001010101
110001011100
110001101001
110001110001
110001111100
110010000011
110010000101
110010000111
110010001101
110010001110
110010010001
110010010110
110010011001
110010011010
110010011011
110010011100
110010011101
110010100001
110010100011
110010100101
110010100110
110010101001
110010110100
110010110111
110010111000
110011000011
110011000110
110011011000
110011100110
110011100111
110011101001
110011101010
110011101011
110011110110
110011111000
110011111101
110011111111
110100000100
110100000110
110100001010
110100010001
110100011001
110100011100
110100011111
110100100100
110100100101
110100101100
110100101111
110100110011
110100110111
110100111011
110100111110
110101000100
110101000110
110101001111
110101010000
110101010010
110101010011
110101011001
110101011101
110101100001
110101100010
110101100100
110101100111
110101101000
110101101010
110101101110
110101110001
110101110101
110101111101
110101111110
110110000110
110110001001
110110001110
110110010110
110110011100
110110100000
110110100101
110110100111
110110101011
110110110110
110110111010
110110111100
110111001010
110111001110
110111010011
110111010101
110111010110
110111011001
110111011100
110111011101
110111011111
110111100010
110111100100
110111100111
110111101010
110111101100
110111101111
110111110010
110111110100
110111111110
111000000010
111000000100
111000001100
111000001111
111000010001
111000010010
111000010110
111000011000
111000011110
111000011111
111000100101
111000101001
111000101101
111000110110
111000111010
111001000100
111001000110
111001000111
111001001010
111001001111
111001011110
111001100100
111001101000
111001101100
111001110010
111001111010
111001111111
111010000010
111010000111
111010010110
111010011000
111010011011
111010011110
111010100000
111010100010
111010101100
111010101111
111010110000
111010110100
111010111010
111010111100
111010111101
111011001011
111011010110
111011011000
111011011100
111011011111
111011100100
111011100101
111011101111
111011110011
111011110101
111011111100
111011111110
111100000100
111100001101
111100010111
111100011000
111100011001
111100011101
111100100011
111100100100
111100100101
111100101101
111100110011
111100110101
111100111000
111100111010
111100111110
111100111111
111101000011
111101000110
111101001000
111101010001
111101010010
111101010011
111101010101
111101011011
111101011110
111101100011
111101100101
111101101000
111101101011
111101110110
111101110111
111101111001
111101111010
111101111110
111110000000
111110000001
111110001000
111110001100
111110011100
111110011110
111110100111
111110101111
111110110010
111110110101
111110110111
111110111000
111111000111
111111001000
111111001010
111111010000
111111010001
111111010011
111111011000
111111011001
111111100001
111111100010
111111100011
111111101011
111111101111
111111110010
111111110011
111111110101
111111111010
111111111011
